1.0 1.0 1.0 
0.0 0.0 0.0 
50
Sine
0.0 0.0 0.0 
1.0 1.0 1.0 
50
Sine
1.0 1.0 1.0 
0.0 0.0 0.0 
50
Sine
0.0 0.0 0.0 
1.0 1.0 1.0 
50
Sine
1.0 1.0 1.0 
0.0 0.0 0.0 
50
Sine
0.0 0.0 0.0 
1.0 1.0 1.0 
50
Sine
1.0 1.0 1.0 
0.0 0.0 0.0 
50
Sine
0.0 0.0 0.0 
1.0 1.0 1.0 
50
Sine
1.0 1.0 1.0 
0.0 0.0 0.0 
50
Sine
0.0 0.0 0.0 
1.0 1.0 1.0 
50
Sine
1.0 1.0 1.0 
0.0 0.0 0.0 
50
Sine
0.0 0.0 0.0 
1.0 1.0 1.0 
50
Sine
1.0 1.0 1.0 
0.0 0.0 0.0 
50
Sine
0.0 0.0 0.0 
1.0 1.0 1.0 
50
Sine
1.0 1.0 1.0 
0.0 0.0 0.0 
50
Sine
0.0 0.0 0.0 
1.0 1.0 1.0 
50
Sine
1.0 1.0 1.0 
0.0 0.0 0.0 
50
Sine
0.0 0.0 0.0 
1.0 1.0 1.0 
50
Sine
1.0 1.0 1.0 
0.0 0.0 0.0 
50
Sine
0.0 0.0 0.0 
1.0 1.0 1.0 
50
Sine
