0.0 0.0 0.0
0.0010273036314174533 0.0010273036314174533 0.0010273036314174533
0.0041049933061003685 0.0041049933061003685 0.0041049933061003685
0.009220421314239502 0.009220421314239502 0.009220421314239502
0.016352567821741104 0.016352567821741104 0.016352567821741104
0.02547212690114975 0.02547212690114975 0.02547212690114975
0.03654162213206291 0.03654162213206291 0.03654162213206291
0.04951556771993637 0.04951556771993637 0.04951556771993637
0.06434065103530884 0.06434065103530884 0.06434065103530884
0.08095594495534897 0.08095594495534897 0.08095594495534897
0.09929318726062775 0.09929318726062775 0.09929318726062775
0.11927702277898788 0.11927702277898788 0.11927702277898788
0.1408253312110901 0.1408253312110901 0.1408253312110901
0.16384954750537872 0.16384954750537872 0.16384954750537872
0.18825510144233704 0.18825510144233704 0.18825510144233704
0.21394166350364685 0.21394166350364685 0.21394166350364685
0.24080371856689453 0.24080371856689453 0.24080371856689453
0.26873084902763367 0.26873084902763367 0.26873084902763367
0.29760831594467163 0.29760831594467163 0.29760831594467163
0.327317476272583 0.327317476272583 0.327317476272583
0.357736200094223 0.357736200094223 0.357736200094223
0.38873952627182007 0.38873952627182007 0.38873952627182007
0.42020004987716675 0.42020004987716675 0.42020004987716675
0.45198848843574524 0.45198848843574524 0.45198848843574524
0.4839742183685303 0.4839742183685303 0.4839742183685303
0.5160257816314697 0.5160257816314697 0.5160257816314697
0.5480115413665771 0.5480115413665771 0.5480115413665771
0.5797999501228333 0.5797999501228333 0.5797999501228333
0.6112604737281799 0.6112604737281799 0.6112604737281799
0.6422637701034546 0.6422637701034546 0.6422637701034546
0.672682523727417 0.672682523727417 0.672682523727417
0.7023916840553284 0.7023916840553284 0.7023916840553284
0.731269121170044 0.731269121170044 0.731269121170044
0.7591962814331055 0.7591962814331055 0.7591962814331055
0.7860583066940308 0.7860583066940308 0.7860583066940308
0.8117449283599854 0.8117449283599854 0.8117449283599854
0.8361504673957825 0.8361504673957825 0.8361504673957825
0.8591746687889099 0.8591746687889099 0.8591746687889099
0.8807229995727539 0.8807229995727539 0.8807229995727539
0.9007068276405334 0.9007068276405334 0.9007068276405334
0.9190440773963928 0.9190440773963928 0.9190440773963928
0.9356593489646912 0.9356593489646912 0.9356593489646912
0.9504844546318054 0.9504844546318054 0.9504844546318054
0.9634583592414856 0.9634583592414856 0.9634583592414856
0.974527895450592 0.974527895450592 0.974527895450592
0.9836474061012268 0.9836474061012268 0.9836474061012268
0.9907795786857605 0.9907795786857605 0.9907795786857605
0.9958950281143188 0.9958950281143188 0.9958950281143188
0.9989727139472961 0.9989727139472961 0.9989727139472961
1.0 1.0 1.0
0.9989727139472961 0.9989727139472961 0.9989727139472961
0.9958950281143188 0.9958950281143188 0.9958950281143188
0.9907795786857605 0.9907795786857605 0.9907795786857605
0.9836474061012268 0.9836474061012268 0.9836474061012268
0.974527895450592 0.974527895450592 0.974527895450592
0.9634583592414856 0.9634583592414856 0.9634583592414856
0.9504844546318054 0.9504844546318054 0.9504844546318054
0.9356593489646912 0.9356593489646912 0.9356593489646912
0.9190440773963928 0.9190440773963928 0.9190440773963928
0.9007068276405334 0.9007068276405334 0.9007068276405334
0.8807229995727539 0.8807229995727539 0.8807229995727539
0.8591746687889099 0.8591746687889099 0.8591746687889099
0.8361504673957825 0.8361504673957825 0.8361504673957825
0.8117449283599854 0.8117449283599854 0.8117449283599854
0.7860583066940308 0.7860583066940308 0.7860583066940308
0.7591962814331055 0.7591962814331055 0.7591962814331055
0.731269121170044 0.731269121170044 0.731269121170044
0.7023916840553284 0.7023916840553284 0.7023916840553284
0.672682523727417 0.672682523727417 0.672682523727417
0.6422637701034546 0.6422637701034546 0.6422637701034546
0.6112604737281799 0.6112604737281799 0.6112604737281799
0.5797999501228333 0.5797999501228333 0.5797999501228333
0.5480115413665771 0.5480115413665771 0.5480115413665771
0.5160257816314697 0.5160257816314697 0.5160257816314697
0.4839742183685303 0.4839742183685303 0.4839742183685303
0.45198848843574524 0.45198848843574524 0.45198848843574524
0.42020004987716675 0.42020004987716675 0.42020004987716675
0.38873952627182007 0.38873952627182007 0.38873952627182007
0.357736200094223 0.357736200094223 0.357736200094223
0.327317476272583 0.327317476272583 0.327317476272583
0.29760831594467163 0.29760831594467163 0.29760831594467163
0.26873084902763367 0.26873084902763367 0.26873084902763367
0.24080371856689453 0.24080371856689453 0.24080371856689453
0.21394166350364685 0.21394166350364685 0.21394166350364685
0.18825510144233704 0.18825510144233704 0.18825510144233704
0.16384954750537872 0.16384954750537872 0.16384954750537872
0.1408253312110901 0.1408253312110901 0.1408253312110901
0.11927702277898788 0.11927702277898788 0.11927702277898788
0.09929318726062775 0.09929318726062775 0.09929318726062775
0.08095594495534897 0.08095594495534897 0.08095594495534897
0.06434065103530884 0.06434065103530884 0.06434065103530884
0.04951556771993637 0.04951556771993637 0.04951556771993637
0.03654162213206291 0.03654162213206291 0.03654162213206291
0.02547212690114975 0.02547212690114975 0.02547212690114975
0.016352567821741104 0.016352567821741104 0.016352567821741104
0.009220421314239502 0.009220421314239502 0.009220421314239502
0.0041049933061003685 0.0041049933061003685 0.0041049933061003685
0.0010273036314174533 0.0010273036314174533 0.0010273036314174533
0.0 0.0 0.0
