0.5190002918243408 0.9311475157737732 0.9311475157737732
0.5188780426979065 0.9307066202163696 0.9311175346374512
0.5185117721557617 0.9293857216835022 0.9310277104377747
0.5179030299186707 0.9271902441978455 0.9308784008026123
0.5170543193817139 0.9241291880607605 0.9306702613830566
0.5159690976142883 0.9202151894569397 0.9304040670394897
0.5146518349647522 0.9154643416404724 0.9300810098648071
0.5131078958511353 0.9098960757255554 0.9297023415565491
0.5113437175750732 0.9035333395004272 0.9292696118354797
0.509366512298584 0.8964022994041443 0.9287846684455872
0.5071843862533569 0.8885322213172913 0.9282494783401489
0.5048062801361084 0.8799554109573364 0.927666187286377
0.5022420287132263 0.8707071542739868 0.9270372986793518
0.49950215220451355 0.8608254790306091 0.9263652563095093
0.49659788608551025 0.8503509163856506 0.9256529808044434
0.4935411810874939 0.8393266201019287 0.9249032735824585
0.4903445839881897 0.8277977705001831 0.924119234085083
0.48702123761177063 0.815811812877655 0.9233041405677795
0.48358482122421265 0.803417980670929 0.9224613308906555
0.4800494313240051 0.7906672358512878 0.9215942025184631
0.4764295816421509 0.7776119112968445 0.9207063913345337
0.47274017333984375 0.7643056511878967 0.9198014736175537
0.4689963757991791 0.7508032321929932 0.9188832640647888
0.4652135372161865 0.7371600866317749 0.9179554581642151
0.46140721440315247 0.7234322428703308 0.9170218706130981
0.45759308338165283 0.7096760869026184 0.9160864353179932
0.4537867605686188 0.6959482431411743 0.9151528477668762
0.4500039219856262 0.682305097579956 0.9142250418663025
0.44626012444496155 0.6688026785850525 0.9133068323135376
0.4425707161426544 0.6554964184761047 0.9124019145965576
0.43895086646080017 0.6424410939216614 0.9115141034126282
0.43541547656059265 0.6296903491020203 0.9106469750404358
0.43197906017303467 0.6172965168952942 0.9098041653633118
0.4286557137966156 0.6053105592727661 0.9089890718460083
0.4254591166973114 0.5937817096710205 0.9082050323486328
0.42240241169929504 0.5827574133872986 0.907455325126648
0.41949814558029175 0.5722828507423401 0.906743049621582
0.416758269071579 0.5624011754989624 0.9060710072517395
0.4141940176486969 0.5531529188156128 0.9054421186447144
0.41181591153144836 0.544576108455658 0.9048588275909424
0.4096337854862213 0.5367060303688049 0.9043236374855042
0.40765655040740967 0.529574990272522 0.9038386940956116
0.40589237213134766 0.5232122540473938 0.9034059643745422
0.4043484628200531 0.5176439881324768 0.9030272960662842
0.40303120017051697 0.5128931403160095 0.9027042388916016
0.40194597840309143 0.5089791417121887 0.9024380445480347
0.40109723806381226 0.5059180855751038 0.902229905128479
0.4004884958267212 0.503722608089447 0.9020805954933167
0.4001222550868988 0.5024017095565796 0.9019907712936401
0.4000000059604645 0.501960813999176 0.9019607901573181