0.0 0.20000000298023224 0.20000000298023224 
0.0 0.10196078568696976 0.501960813999176 
50
Sine
0.0 0.10196078568696976 0.501960813999176 
0.10196078568696976 0.0 0.40784314274787903 
50
Sine
0.10196078568696976 0.0 0.40784314274787903 
0.20000000298023224 0.0 0.20000000298023224 
50
Sine
0.20000000298023224 0.0 0.20000000298023224 
0.3019607961177826 0.0 0.10196078568696976 
50
Sine
0.3019607961177826 0.0 0.10196078568696976 
0.6000000238418579 0.0 0.0 
50
Sine
0.6000000238418579 0.0 0.0 
0.6000000238418579 0.20000000298023224 0.0 
50
Sine
0.6000000238418579 0.20000000298023224 0.0 
0.6000000238418579 0.3019607961177826 0.0 
50
Sine
0.6000000238418579 0.3019607961177826 0.0 
0.6000000238418579 0.4000000059604645 0.0 
50
Sine
0.6000000238418579 0.4000000059604645 0.0 
0.6000000238418579 0.6000000238418579 0.0 
50
Sine
0.6000000238418579 0.6000000238418579 0.0 
0.4000000059604645 0.4000000059604645 0.0 
50
Sine
0.4000000059604645 0.4000000059604645 0.0 
0.0 0.20000000298023224 0.0 
50
Sine
