0.0 0.0 0.0 
0.19672131538391113 0.0 0.0 
100
Sine
0.19672131538391113 0.0 0.0 
0.2663934528827667 0.029477963224053383 0.029477963224053383 
100
Sine
0.2663934528827667 0.029477963224053383 0.029477963224053383 
0.32786884903907776 0.08511725813150406 0.016124697402119637 
100
Sine
0.32786884903907776 0.08511725813150406 0.016124697402119637 
0.4836065471172333 0.021801935508847237 0.021801935508847237 
50
Sine
0.4836065471172333 0.021801935508847237 0.021801935508847237 
0.6844262480735779 0.01963517814874649 0.01963517814874649 
30
Sine
0.6844262480735779 0.01963517814874649 0.01963517814874649 
0.8401639461517334 0.2867530584335327 0.055092718452215195 
30
Sine
0.8401639461517334 0.2867530584335327 0.055092718452215195 
0.9467213153839111 0.36389362812042236 0.023280031979084015 
30
Sine
0.9467213153839111 0.36389362812042236 0.023280031979084015 
1.0 0.44262295961380005 0.0 
30
Sine
1.0 0.44262295961380005 0.0 
1.0 0.8360655903816223 0.0 
30
Sine
1.0 0.8360655903816223 0.0 
1.0 1.0 0.0 
10
Sine
