0.5686274766921997 0.0 0.0
0.5689763426780701 2.7530963052413426E-5 1.7003003449644893E-4
0.570021390914917 1.1001072562066838E-4 6.794214132241905E-4
0.5717584490776062 2.4710033903829753E-4 0.0015260810032486916
0.5741803050041199 4.3823651503771544E-4 0.0027065295726060867
0.5772770047187805 6.826337776146829E-4 0.004215916618704796
0.5810359120368958 9.792878990992904E-4 0.00604803953319788
0.5854414701461792 0.001326979836449027 0.008195370435714722
0.5904755592346191 0.001724280882626772 0.010649084113538265
0.5961176156997681 0.002169558312743902 0.013399098068475723
0.6023443937301636 0.0026609827764332294 0.016434112563729286
0.6091302633285522 0.0031965342350304127 0.019741656258702278
0.6164474487304688 0.0037740126717835665 0.02330813743174076
0.624265730381012 0.004391044843941927 0.027118900790810585
0.6325531005859375 0.00504509499296546 0.031158287078142166
0.6412754654884338 0.0057334755547344685 0.03540969640016556
0.650397002696991 0.006453358102589846 0.03985565900802612
0.6598802208900452 0.007201784290373325 0.044477906078100204
0.6696861386299133 0.007975678890943527 0.04925744608044624
0.6797744035720825 0.008771861903369427 0.05417463555932045
0.6901037096977234 0.009587060660123825 0.059209272265434265
0.7006314992904663 0.01041792705655098 0.06434065848588943
0.7113144993782043 0.0112610450014472 0.06954772025346756
0.7221089005470276 0.012112950906157494 0.07480905950069427
0.7329702377319336 0.012970143929123878 0.08010304719209671
0.7438539862632751 0.013829102739691734 0.08540793508291245
0.7547153234481812 0.01468629576265812 0.09070192277431488
0.7655097246170044 0.015538201667368412 0.0959632620215416
0.7761927247047424 0.016381319612264633 0.10117032378911972
0.7867205142974854 0.017212186008691788 0.10630171000957489
0.7970498204231262 0.01802738569676876 0.11133634299039841
0.8071380853652954 0.018823567777872086 0.11625353246927261
0.8169440031051636 0.019597461447119713 0.12103307247161865
0.8264272212982178 0.020345889031887054 0.12565532326698303
0.8355487585067749 0.02106577157974243 0.1301012933254242
0.8442711234092712 0.021754151210188866 0.1343526989221573
0.8525584936141968 0.022408202290534973 0.13839207589626312
0.86037677526474 0.023025233298540115 0.14220283925533295
0.8676939606666565 0.023602712899446487 0.14576932787895203
0.8744798302650452 0.02413826435804367 0.14907686412334442
0.8807066082954407 0.024629687890410423 0.15211188793182373
0.8863486647605896 0.025074966251850128 0.15486189723014832
0.8913827538490295 0.025472266599535942 0.15731561183929443
0.895788311958313 0.025819959118962288 0.15946294367313385
0.8995472192764282 0.026116613298654556 0.1612950712442398
0.9026439189910889 0.02636101096868515 0.16280445456504822
0.9050657749176025 0.026552146300673485 0.16398489475250244
0.9068028330802917 0.026689235121011734 0.16483156383037567
0.9078478813171387 0.02677171491086483 0.16534094512462616
0.908196747303009 0.026799246668815613 0.16551098227500916
0.9098039269447327 0.027450980618596077 0.16470588743686676
0.9098460674285889 0.027980025857686996 0.16453668475151062
0.9099723100662231 0.029564986005425453 0.1640297770500183
0.9101821184158325 0.032199349254369736 0.16318723559379578
0.9104746580123901 0.035872288048267365 0.16201251745224
0.9108486771583557 0.04056871309876442 0.16051048040390015
0.9113026857376099 0.04626932367682457 0.1586872637271881
0.9118348360061646 0.052950695157051086 0.15655037760734558
0.9124429225921631 0.060585372149944305 0.15410859882831573
0.9131243824958801 0.06914198398590088 0.15137197077274323
0.9138765335083008 0.07858536392450333 0.14835171401500702
0.9146961569786072 0.08887671679258347 0.14506025612354279
0.9155799746513367 0.09997374564409256 0.14151112735271454
0.916524350643158 0.11183085292577744 0.13771890103816986
0.9175253510475159 0.12439931184053421 0.13369916379451752
0.9185789227485657 0.1376274824142456 0.12946844100952148
0.919680655002594 0.15146100521087646 0.1250440925359726
0.9208261370658875 0.16584302484989166 0.12044433504343033
0.9220105409622192 0.1807144582271576 0.11568804085254669
0.9232290983200073 0.1960141807794571 0.11079477518796921
0.9244767427444458 0.2116793394088745 0.10578462481498718
0.925748348236084 0.22764556109905243 0.10067819803953171
0.9270387291908264 0.24384720623493195 0.09549646824598312
0.9283425807952881 0.2602177560329437 0.09026072174310684
0.9296544790267944 0.27668988704681396 0.08499248325824738
0.9309691190719604 0.2931959331035614 0.07971340417861938
0.9322810173034668 0.30966803431510925 0.07444516569375992
0.9335848689079285 0.32603856921195984 0.06920941919088364
0.9348752498626709 0.34224024415016174 0.06402768939733505
0.9361468553543091 0.35820645093917847 0.05892125889658928
0.9373944997787476 0.3738715946674347 0.05391111597418785
0.9386130571365356 0.3891713321208954 0.04901784285902977
0.9397974610328674 0.4040427803993225 0.04426155239343643
0.9409429430961609 0.4184247851371765 0.03966179117560387
0.9420446753501892 0.4322583079338074 0.03523745387792587
0.943098247051239 0.44548648595809937 0.031006723642349243
0.9440992474555969 0.45805492997169495 0.0269869863986969
0.9450436234474182 0.469912052154541 0.02319476008415222
0.9459274411201477 0.4810090661048889 0.019645627588033676
0.9467470645904541 0.49130043387413025 0.01635417342185974
0.9474992156028748 0.5007438063621521 0.013333921320736408
0.9481806755065918 0.5093004107475281 0.010597283951938152
0.9487887620925903 0.5169351100921631 0.008155505172908306
0.949320912361145 0.5236164927482605 0.0060186199843883514
0.9497749209403992 0.5293170809745789 0.00419540936127305
0.9501489400863647 0.5340135097503662 0.0026933643966913223
0.9504414796829224 0.5376864671707153 0.0015186576638370752
0.9506512880325317 0.5403208136558533 6.761165568605065E-4
0.950777530670166 0.5419057607650757 1.6920296184252948E-4
0.9490196108818054 0.5411764979362488 0.0
0.9508196711540222 0.542434811592102 0.0
0.9496586918830872 0.546928346157074 0.006083064246922731
0.951543927192688 0.5638954043388367 0.024027226492762566
0.9545807838439941 0.5912269353866577 0.05293269082903862
0.9586169123649597 0.6275523900985718 0.0913500189781189
0.963450014591217 0.6710501909255981 0.13735279440879822
0.9688376784324646 0.7195393443107605 0.18863427639007568
0.9745098352432251 0.7705882787704468 0.2426229566335678
0.9801819324493408 0.8216371536254883 0.29661163687705994
0.9855695962905884 0.8701263070106506 0.3478931188583374
0.9904026985168457 0.913624107837677 0.3938958942890167
0.9944388270378113 0.9499495625495911 0.4323132336139679
0.9974756836891174 0.9772810935974121 0.4612186849117279
0.9993609189987183 0.9942481517791748 0.4791628420352936
1.0 1.0 0.4852459132671356
