0.24590164422988892 0.1402249038219452 0.0
0.24603299796581268 0.1402728408575058 0.0
0.2464265376329422 0.1404164433479309 0.0
0.24708065390586853 0.14065513014793396 0.0
0.2479926347732544 0.14098791778087616 0.0
0.24915874004364014 0.14141343533992767 0.0
0.25057417154312134 0.14192995429039001 0.0
0.2522331476211548 0.14253531396389008 0.0
0.2541288137435913 0.14322705566883087 0.0
0.2562533915042877 0.14400233328342438 0.0
0.2585981488227844 0.1448579579591751 0.0
0.2611534595489502 0.14579041302204132 0.0
0.2639088034629822 0.1467958688735962 0.0
0.26685288548469543 0.14787018299102783 0.0
0.26997360587120056 0.14900895953178406 0.0
0.27325811982154846 0.1502074897289276 0.0
0.2766929268836975 0.15146088600158691 0.0
0.2802639603614807 0.1527639776468277 0.0
0.28395646810531616 0.15411141514778137 0.0
0.2877553701400757 0.15549765527248383 0.0
0.29164496064186096 0.156917005777359 0.0
0.29560932517051697 0.15836362540721893 0.0
0.29963213205337524 0.15983158349990845 0.0
0.3036969006061554 0.16131484508514404 0.0
0.30778688192367554 0.16280731558799744 0.0
0.311885267496109 0.16430284082889557 0.0
0.31597524881362915 0.16579531133174896 0.0
0.3200400173664093 0.16727857291698456 0.0
0.3240628242492676 0.16874653100967407 0.0
0.3280271887779236 0.170193150639534 0.0
0.33191677927970886 0.17161250114440918 0.0
0.3357156813144684 0.17299874126911163 0.0
0.33940818905830383 0.1743461787700653 0.0
0.34297922253608704 0.1756492704153061 0.0
0.3464140295982361 0.1769026666879654 0.0
0.349698543548584 0.17810119688510895 0.0
0.3528192639350891 0.17923997342586517 0.0
0.35576334595680237 0.18031428754329681 0.0
0.35851868987083435 0.18131974339485168 0.0
0.3610740005970001 0.1822521984577179 0.0
0.3634187579154968 0.18310782313346863 0.0
0.36554333567619324 0.18388310074806213 0.0
0.36743900179862976 0.18457484245300293 0.0
0.3690979778766632 0.185180202126503 0.0
0.3705134093761444 0.18569672107696533 0.0
0.37167951464653015 0.18612223863601685 0.0
0.372591495513916 0.18645502626895905 0.0
0.37324559688568115 0.1866937130689621 0.0
0.37363913655281067 0.1868373155593872 0.0
0.37377050518989563 0.18688525259494781 0.0
0.37254902720451355 0.1882352977991104 0.0
0.3678787350654602 0.1897391378879547 4.81362541904673E-4
0.3541020452976227 0.19417525827884674 0.0019013126147910953
0.33190980553627014 0.20132119953632355 0.004188647959381342
0.30241477489471436 0.21081864833831787 0.0072286720387637615
0.26709598302841187 0.22219134867191315 0.01086894515901804
0.22772449254989624 0.23486904799938202 0.014926929958164692
0.18627451360225677 0.24821600317955017 0.01919914036989212
0.1448245346546173 0.2615629732608795 0.023471351712942123
0.10545302927494049 0.2742406725883484 0.027529334649443626
0.0701342523097992 0.28561338782310486 0.031169608235359192
0.040639232844114304 0.295110821723938 0.03420963138341904
0.01844697631895542 0.3022567629814148 0.03649696707725525
0.004670290742069483 0.30669286847114563 0.037916917353868484
0.0 0.3081967234611511 0.03839828073978424
0.0 0.30980393290519714 0.03921568766236305
0.0 0.3100515305995941 0.03924590349197388
0.0 0.31079331040382385 0.039336420595645905
0.0 0.3120262026786804 0.03948687016963959
0.0 0.3137451708316803 0.03969663381576538
0.0 0.3159431219100952 0.03996484726667404
0.0 0.3186110258102417 0.04029041528701782
0.0 0.32173797488212585 0.04067199304699898
0.0 0.3253110349178314 0.041108012199401855
0.0 0.3293156027793884 0.041596684604883194
0.0 0.3337351679801941 0.04213600233197212
0.0 0.3385515809059143 0.042723748832941055
0.0 0.34374505281448364 0.04335750639438629
0.0 0.3492942452430725 0.044034671038389206
0.0 0.3551763892173767 0.044752463698387146
0.0 0.36136725544929504 0.04550793394446373
0.0 0.3678414225578308 0.04629797115921974
0.0 0.3745723068714142 0.04711933806538582
0.0 0.381532222032547 0.047968655824661255
0.0 0.38869261741638184 0.048842430114746094
0.0 0.3960239887237549 0.049737077206373215
0.0 0.40349629521369934 0.05064891651272774
0.0 0.4110787808895111 0.05157420411705971
0.0 0.41874027252197266 0.0525091327726841
0.0 0.42644935846328735 0.05344986543059349
0.0 0.4341742694377899 0.05439253896474838
0.0 0.4418833553791046 0.055333271622657776
0.0 0.44954484701156616 0.056268200278282166
0.0 0.45712733268737793 0.057193487882614136
0.0 0.4645996391773224 0.05810532718896866
0.0 0.47193101048469543 0.05899997428059578
0.0 0.4790914058685303 0.05987374857068062
0.0 0.4860513210296631 0.060723066329956055
0.0 0.49278220534324646 0.06154443323612213
0.0 0.4992563724517822 0.06233447045087814
0.0 0.505447268486023 0.06308993697166443
0.0 0.5113293528556824 0.06380773335695267
0.0 0.5168785452842712 0.06448490172624588
0.0 0.5220720767974854 0.06511865556240082
0.0 0.5268884897232056 0.06570640206336975
0.0 0.5313080549240112 0.06624571979045868
0.0 0.5353125929832458 0.06673438847064972
0.0 0.5388856530189514 0.0671704113483429
0.0 0.5420125722885132 0.06755199283361435
0.0 0.5446805357933044 0.06787755340337753
0.0 0.546878457069397 0.06814577430486679
0.0 0.5485974550247192 0.06835553795099258
0.0 0.5498303174972534 0.06850598752498627
0.0 0.5505720973014832 0.0685965046286583
0.0 0.5508196949958801 0.06862671673297882
0.0 0.5490196347236633 0.06666667014360428
0.0011635227128863335 0.5509994626045227 0.06794372946023941
0.0046223527751863 0.5568849444389343 0.07174008339643478
0.010282142087817192 0.5665155053138733 0.07795217633247375
0.017988506704568863 0.5796284675598145 0.08641055226325989
0.02753123827278614 0.5958662033081055 0.09688448905944824
0.038650032132864 0.6147856712341309 0.10908828675746918
0.051041603088378906 0.6358709335327148 0.12268906086683273
0.06436793506145477 0.6585466861724854 0.13731582462787628
0.07826552540063858 0.6821945309638977 0.15256957709789276
0.09235527366399765 0.7061693668365479 0.16803425550460815
0.10625286400318146 0.7298172116279602 0.18328800797462463
0.11957919597625732 0.7524929642677307 0.19791476428508759
0.13197076320648193 0.7735782265663147 0.21151553094387054
0.14308956265449524 0.7924976944923401 0.22371934354305267
0.15263229608535767 0.8087354302406311 0.23419328033924103
0.1603386551141739 0.8218483924865723 0.24265165627002716
0.1659984439611435 0.8314789533615112 0.24886374175548553
0.16945727169513702 0.8373644351959229 0.2526600956916809
0.17062079906463623 0.8393442630767822 0.25393715500831604
