0.800000011920929 1.0 1.0 
0.800000011920929 0.9019607901573181 1.0 
50
Sine
0.800000011920929 0.9019607901573181 1.0 
0.9019607901573181 0.800000011920929 1.0 
50
Sine
0.9019607901573181 0.800000011920929 1.0 
1.0 0.800000011920929 1.0 
50
Sine
1.0 0.800000011920929 1.0 
1.0 0.800000011920929 0.9019607901573181 
50
Sine
1.0 0.800000011920929 0.9019607901573181 
1.0 0.800000011920929 0.800000011920929 
50
Sine
1.0 0.800000011920929 0.800000011920929 
1.0 0.800000011920929 0.7019608020782471 
50
Sine
1.0 0.800000011920929 0.7019608020782471 
1.0 0.9019607901573181 0.800000011920929 
50
Sine
1.0 0.9019607901573181 0.800000011920929 
1.0 1.0 0.7019608020782471 
50
Sine
1.0 1.0 0.7019608020782471 
1.0 1.0 0.800000011920929 
50
Sine
1.0 1.0 0.800000011920929 
0.9019607901573181 0.9019607901573181 0.800000011920929 
50
Sine
0.9019607901573181 0.9019607901573181 0.800000011920929 
0.800000011920929 1.0 0.800000011920929 
50
Sine
