0.800000011920929 1.0 1.0
0.800000011920929 0.9995806217193604 1.0
0.800000011920929 0.9983296990394592 1.0
0.800000011920929 0.996268630027771 1.0
0.800000011920929 0.9934326410293579 1.0
0.800000011920929 0.9898702502250671 1.0
0.800000011920929 0.9856424927711487 1.0
0.800000011920929 0.9808216691017151 1.0
0.800000011920929 0.9754902124404907 1.0
0.800000011920929 0.9697393774986267 1.0
0.800000011920929 0.963667631149292 1.0
0.800000011920929 0.9573787450790405 1.0
0.800000011920929 0.9509804248809814 1.0
0.800000011920929 0.9445820450782776 1.0
0.800000011920929 0.9382931590080261 1.0
0.800000011920929 0.9322214126586914 1.0
0.800000011920929 0.9264705777168274 1.0
0.800000011920929 0.921139121055603 1.0
0.800000011920929 0.9163182973861694 1.0
0.800000011920929 0.912090539932251 1.0
0.800000011920929 0.9085281491279602 1.0
0.800000011920929 0.9056921601295471 1.0
0.800000011920929 0.9036310911178589 1.0
0.800000011920929 0.9023801684379578 1.0
0.800000011920929 0.9019607901573181 1.0
0.800000011920929 0.9019607901573181 1.0
0.8004361391067505 0.9015246629714966 1.0
0.8017371296882629 0.9002236723899841 1.0
0.8038806915283203 0.8980801105499268 1.0
0.806830108165741 0.8951306939125061 1.0
0.8105349540710449 0.8914258480072021 1.0
0.8149318099021912 0.8870289921760559 1.0
0.8199455142021179 0.8820152878761292 1.0
0.8254902362823486 0.8764705657958984 1.0
0.8314710259437561 0.870489776134491 1.0
0.8377857208251953 0.8641750812530518 1.0
0.8443261384963989 0.8576346635818481 1.0
0.8509804010391235 0.8509804010391235 1.0
0.8576346635818481 0.8443261384963989 1.0
0.8641750812530518 0.8377857208251953 1.0
0.870489776134491 0.8314710259437561 1.0
0.8764705657958984 0.8254902362823486 1.0
0.8820152878761292 0.8199455142021179 1.0
0.8870289921760559 0.8149318099021912 1.0
0.8914258480072021 0.8105349540710449 1.0
0.8951306939125061 0.806830108165741 1.0
0.8980801105499268 0.8038806915283203 1.0
0.9002236723899841 0.8017371296882629 1.0
0.9015246629714966 0.8004361391067505 1.0
0.9019607901573181 0.800000011920929 1.0
0.9019607901573181 0.800000011920929 1.0
0.9023801684379578 0.800000011920929 1.0
0.9036310911178589 0.800000011920929 1.0
0.9056921601295471 0.800000011920929 1.0
0.9085281491279602 0.800000011920929 1.0
0.912090539932251 0.800000011920929 1.0
0.9163182973861694 0.800000011920929 1.0
0.921139121055603 0.800000011920929 1.0
0.9264705777168274 0.800000011920929 1.0
0.9322214126586914 0.800000011920929 1.0
0.9382931590080261 0.800000011920929 1.0
0.9445820450782776 0.800000011920929 1.0
0.9509804248809814 0.800000011920929 1.0
0.9573787450790405 0.800000011920929 1.0
0.963667631149292 0.800000011920929 1.0
0.9697393774986267 0.800000011920929 1.0
0.9754902124404907 0.800000011920929 1.0
0.9808216691017151 0.800000011920929 1.0
0.9856424927711487 0.800000011920929 1.0
0.9898702502250671 0.800000011920929 1.0
0.9934326410293579 0.800000011920929 1.0
0.996268630027771 0.800000011920929 1.0
0.9983296990394592 0.800000011920929 1.0
0.9995806217193604 0.800000011920929 1.0
1.0 0.800000011920929 1.0
1.0 0.800000011920929 1.0
1.0 0.800000011920929 0.9995806217193604
1.0 0.800000011920929 0.9983296990394592
1.0 0.800000011920929 0.996268630027771
1.0 0.800000011920929 0.9934326410293579
1.0 0.800000011920929 0.9898702502250671
1.0 0.800000011920929 0.9856424927711487
1.0 0.800000011920929 0.9808216691017151
1.0 0.800000011920929 0.9754902124404907
1.0 0.800000011920929 0.9697393774986267
1.0 0.800000011920929 0.963667631149292
1.0 0.800000011920929 0.9573787450790405
1.0 0.800000011920929 0.9509804248809814
1.0 0.800000011920929 0.9445820450782776
1.0 0.800000011920929 0.9382931590080261
1.0 0.800000011920929 0.9322214126586914
1.0 0.800000011920929 0.9264705777168274
1.0 0.800000011920929 0.921139121055603
1.0 0.800000011920929 0.9163182973861694
1.0 0.800000011920929 0.912090539932251
1.0 0.800000011920929 0.9085281491279602
1.0 0.800000011920929 0.9056921601295471
1.0 0.800000011920929 0.9036310911178589
1.0 0.800000011920929 0.9023801684379578
1.0 0.800000011920929 0.9019607901573181
1.0 0.800000011920929 0.9019607901573181
1.0 0.800000011920929 0.9015246629714966
1.0 0.800000011920929 0.9002236723899841
1.0 0.800000011920929 0.8980801105499268
1.0 0.800000011920929 0.8951306939125061
1.0 0.800000011920929 0.8914258480072021
1.0 0.800000011920929 0.8870289921760559
1.0 0.800000011920929 0.8820152878761292
1.0 0.800000011920929 0.8764705657958984
1.0 0.800000011920929 0.870489776134491
1.0 0.800000011920929 0.8641750812530518
1.0 0.800000011920929 0.8576346635818481
1.0 0.800000011920929 0.8509804010391235
1.0 0.800000011920929 0.8443261384963989
1.0 0.800000011920929 0.8377857208251953
1.0 0.800000011920929 0.8314710259437561
1.0 0.800000011920929 0.8254902362823486
1.0 0.800000011920929 0.8199455142021179
1.0 0.800000011920929 0.8149318099021912
1.0 0.800000011920929 0.8105349540710449
1.0 0.800000011920929 0.806830108165741
1.0 0.800000011920929 0.8038806915283203
1.0 0.800000011920929 0.8017371296882629
1.0 0.800000011920929 0.8004361391067505
1.0 0.800000011920929 0.800000011920929
1.0 0.800000011920929 0.800000011920929
1.0 0.800000011920929 0.7995806336402893
1.0 0.800000011920929 0.7983297109603882
1.0 0.800000011920929 0.7962686419487
1.0 0.800000011920929 0.7934326529502869
1.0 0.800000011920929 0.7898702621459961
1.0 0.800000011920929 0.7856425046920776
1.0 0.800000011920929 0.780821681022644
1.0 0.800000011920929 0.7754902243614197
1.0 0.800000011920929 0.7697393894195557
1.0 0.800000011920929 0.763667643070221
1.0 0.800000011920929 0.7573787569999695
1.0 0.800000011920929 0.7509803771972656
1.0 0.800000011920929 0.7445820569992065
1.0 0.800000011920929 0.7382931709289551
1.0 0.800000011920929 0.7322214245796204
1.0 0.800000011920929 0.7264705896377563
1.0 0.800000011920929 0.721139132976532
1.0 0.800000011920929 0.7163183093070984
1.0 0.800000011920929 0.7120905518531799
1.0 0.800000011920929 0.7085281610488892
1.0 0.800000011920929 0.7056921720504761
1.0 0.800000011920929 0.7036311030387878
1.0 0.800000011920929 0.7023801803588867
1.0 0.800000011920929 0.7019608020782471
1.0 0.800000011920929 0.7019608020782471
1.0 0.8004361391067505 0.7023801803588867
1.0 0.8017371296882629 0.7036311030387878
1.0 0.8038806915283203 0.7056921720504761
1.0 0.806830108165741 0.7085281610488892
1.0 0.8105349540710449 0.7120905518531799
1.0 0.8149318099021912 0.7163183093070984
1.0 0.8199455142021179 0.721139132976532
1.0 0.8254902362823486 0.7264705896377563
1.0 0.8314710259437561 0.7322214245796204
1.0 0.8377857208251953 0.7382931709289551
1.0 0.8443261384963989 0.7445820569992065
1.0 0.8509804010391235 0.7509803771972656
1.0 0.8576346635818481 0.7573787569999695
1.0 0.8641750812530518 0.763667643070221
1.0 0.870489776134491 0.7697393894195557
1.0 0.8764705657958984 0.7754902243614197
1.0 0.8820152878761292 0.780821681022644
1.0 0.8870289921760559 0.7856425046920776
1.0 0.8914258480072021 0.7898702621459961
1.0 0.8951306939125061 0.7934326529502869
1.0 0.8980801105499268 0.7962686419487
1.0 0.9002236723899841 0.7983297109603882
1.0 0.9015246629714966 0.7995806336402893
1.0 0.9019607901573181 0.800000011920929
1.0 0.9019607901573181 0.800000011920929
1.0 0.9023801684379578 0.7995806336402893
1.0 0.9036310911178589 0.7983297109603882
1.0 0.9056921601295471 0.7962686419487
1.0 0.9085281491279602 0.7934326529502869
1.0 0.912090539932251 0.7898702621459961
1.0 0.9163182973861694 0.7856425046920776
1.0 0.921139121055603 0.780821681022644
1.0 0.9264705777168274 0.7754902243614197
1.0 0.9322214126586914 0.7697393894195557
1.0 0.9382931590080261 0.763667643070221
1.0 0.9445820450782776 0.7573787569999695
1.0 0.9509804248809814 0.7509803771972656
1.0 0.9573787450790405 0.7445820569992065
1.0 0.963667631149292 0.7382931709289551
1.0 0.9697393774986267 0.7322214245796204
1.0 0.9754902124404907 0.7264705896377563
1.0 0.9808216691017151 0.721139132976532
1.0 0.9856424927711487 0.7163183093070984
1.0 0.9898702502250671 0.7120905518531799
1.0 0.9934326410293579 0.7085281610488892
1.0 0.996268630027771 0.7056921720504761
1.0 0.9983296990394592 0.7036311030387878
1.0 0.9995806217193604 0.7023801803588867
1.0 1.0 0.7019608020782471
1.0 1.0 0.7019608020782471
1.0 1.0 0.7023801803588867
1.0 1.0 0.7036311030387878
1.0 1.0 0.7056921720504761
1.0 1.0 0.7085281610488892
1.0 1.0 0.7120905518531799
1.0 1.0 0.7163183093070984
1.0 1.0 0.721139132976532
1.0 1.0 0.7264705896377563
1.0 1.0 0.7322214245796204
1.0 1.0 0.7382931709289551
1.0 1.0 0.7445820569992065
1.0 1.0 0.7509803771972656
1.0 1.0 0.7573787569999695
1.0 1.0 0.763667643070221
1.0 1.0 0.7697393894195557
1.0 1.0 0.7754902243614197
1.0 1.0 0.780821681022644
1.0 1.0 0.7856425046920776
1.0 1.0 0.7898702621459961
1.0 1.0 0.7934326529502869
1.0 1.0 0.7962686419487
1.0 1.0 0.7983297109603882
1.0 1.0 0.7995806336402893
1.0 1.0 0.800000011920929
1.0 1.0 0.800000011920929
0.9995806217193604 0.9995806217193604 0.800000011920929
0.9983296990394592 0.9983296990394592 0.800000011920929
0.996268630027771 0.996268630027771 0.800000011920929
0.9934326410293579 0.9934326410293579 0.800000011920929
0.9898702502250671 0.9898702502250671 0.800000011920929
0.9856424927711487 0.9856424927711487 0.800000011920929
0.9808216691017151 0.9808216691017151 0.800000011920929
0.9754902124404907 0.9754902124404907 0.800000011920929
0.9697393774986267 0.9697393774986267 0.800000011920929
0.963667631149292 0.963667631149292 0.800000011920929
0.9573787450790405 0.9573787450790405 0.800000011920929
0.9509804248809814 0.9509804248809814 0.800000011920929
0.9445820450782776 0.9445820450782776 0.800000011920929
0.9382931590080261 0.9382931590080261 0.800000011920929
0.9322214126586914 0.9322214126586914 0.800000011920929
0.9264705777168274 0.9264705777168274 0.800000011920929
0.921139121055603 0.921139121055603 0.800000011920929
0.9163182973861694 0.9163182973861694 0.800000011920929
0.912090539932251 0.912090539932251 0.800000011920929
0.9085281491279602 0.9085281491279602 0.800000011920929
0.9056921601295471 0.9056921601295471 0.800000011920929
0.9036310911178589 0.9036310911178589 0.800000011920929
0.9023801684379578 0.9023801684379578 0.800000011920929
0.9019607901573181 0.9019607901573181 0.800000011920929
0.9019607901573181 0.9019607901573181 0.800000011920929
0.9015246629714966 0.9023801684379578 0.800000011920929
0.9002236723899841 0.9036310911178589 0.800000011920929
0.8980801105499268 0.9056921601295471 0.800000011920929
0.8951306939125061 0.9085281491279602 0.800000011920929
0.8914258480072021 0.912090539932251 0.800000011920929
0.8870289921760559 0.9163182973861694 0.800000011920929
0.8820152878761292 0.921139121055603 0.800000011920929
0.8764705657958984 0.9264705777168274 0.800000011920929
0.870489776134491 0.9322214126586914 0.800000011920929
0.8641750812530518 0.9382931590080261 0.800000011920929
0.8576346635818481 0.9445820450782776 0.800000011920929
0.8509804010391235 0.9509804248809814 0.800000011920929
0.8443261384963989 0.9573787450790405 0.800000011920929
0.8377857208251953 0.963667631149292 0.800000011920929
0.8314710259437561 0.9697393774986267 0.800000011920929
0.8254902362823486 0.9754902124404907 0.800000011920929
0.8199455142021179 0.9808216691017151 0.800000011920929
0.8149318099021912 0.9856424927711487 0.800000011920929
0.8105349540710449 0.9898702502250671 0.800000011920929
0.806830108165741 0.9934326410293579 0.800000011920929
0.8038806915283203 0.996268630027771 0.800000011920929
0.8017371296882629 0.9983296990394592 0.800000011920929
0.8004361391067505 0.9995806217193604 0.800000011920929
0.800000011920929 1.0 0.800000011920929
