0.3019607961177826 0.0 0.10196078568696976
0.3026778995990753 8.21842928417027E-4 0.10288334637880325
0.3048262298107147 0.0032839945051819086 0.10564722865819931
0.3083970248699188 0.007376337423920631 0.11024108529090881
0.3133755326271057 0.013082055374979973 0.11664603650569916
0.3197413384914398 0.02037770114839077 0.12483575195074081
0.32746827602386475 0.0292332973331213 0.13477659225463867
0.3365246057510376 0.03961245343089104 0.1464277058839798
0.34687310457229614 0.05147251859307289 0.15974120795726776
0.35847121477127075 0.06476476043462753 0.17466239631175995
0.3712713420391083 0.07943455129861832 0.19112996757030487
0.38522082567214966 0.09542161971330643 0.20907622575759888
0.40026238560676575 0.11266025900840759 0.228427454829216
0.41633421182632446 0.13107964396476746 0.2491041123867035
0.4333702325820923 0.15060408413410187 0.2710212469100952
0.4513004720211029 0.17115333676338196 0.29408878087997437
0.47005122900009155 0.1926429718732834 0.31821197271347046
0.48954546451568604 0.2149846851825714 0.34329164028167725
0.5097030997276306 0.23808667063713074 0.3692247271537781
0.5304412245750427 0.26185399293899536 0.3959047198295593
0.5516746640205383 0.2861889600753784 0.4232219159603119
0.573316216468811 0.31099164485931396 0.4510641396045685
0.5952768921852112 0.3361600339412689 0.47931692004203796
0.6174665093421936 0.36159080266952515 0.5078641772270203
0.6397937536239624 0.3871793746948242 0.5365886092185974
0.6621670126914978 0.41282063722610474 0.5653721690177917
0.6844943165779114 0.4384092092514038 0.5940966010093689
0.706683874130249 0.46383997797966003 0.6226438879966736
0.7286445498466492 0.489008367061615 0.6508966684341431
0.7502861022949219 0.5138110518455505 0.6787388324737549
0.7715196013450623 0.5381460189819336 0.7060560584068298
0.7922577261924744 0.5619133710861206 0.7327360510826111
0.8124153017997742 0.5850152969360352 0.7586691379547119
0.8319095373153687 0.6073570251464844 0.7837488055229187
0.8506603240966797 0.6288466453552246 0.8078719973564148
0.8685905337333679 0.6493959426879883 0.830939531326294
0.8856266140937805 0.6689203381538391 0.8528566956520081
0.9016984105110168 0.687339723110199 0.873533308506012
0.9167399406433105 0.7045783996582031 0.8928845524787903
0.9306894540786743 0.7205654382705688 0.9108307957649231
0.9434895515441895 0.7352352738380432 0.927298367023468
0.9550877213478088 0.748527467250824 0.9422195553779602
0.9654362201690674 0.7603875398635864 0.9555330872535706
0.9744924902915955 0.7707667350769043 0.9671841859817505
0.9822194576263428 0.7796223163604736 0.9771250486373901
0.9885852932929993 0.7869179844856262 0.9853147268295288
0.9935637712478638 0.7926236987113953 0.9917197227478027
0.9971345663070679 0.796716034412384 0.9963135719299316
0.9992828965187073 0.7991781830787659 0.9990774393081665
1.0 0.800000011920929 1.0