1.0 0.0 0.0
1.0 0.002138784620910883 0.0
1.0 0.008518543094396591 0.0
1.0 0.019030116498470306 0.0
1.0 0.03349364921450615 0.0
1.0 0.051661666482686996 0.0
1.0 0.0732233077287674 0.0
1.0 0.09780964255332947 0.0
1.0 0.125 0.0
1.0 0.15432913601398468 0.0
1.0 0.1852952390909195 0.0
1.0 0.2173684537410736 0.0
1.0 0.25 0.0
1.0 0.2826315462589264 0.0
1.0 0.3147047758102417 0.0
1.0 0.3456708490848541 0.0
1.0 0.375 0.0
1.0 0.40219035744667053 0.0
1.0 0.4267767071723938 0.0
1.0 0.4483383297920227 0.0
1.0 0.46650636196136475 0.0
1.0 0.4809698760509491 0.0
1.0 0.4914814531803131 0.0
1.0 0.49786120653152466 0.0
1.0 0.5 0.0
1.0 0.5 0.0
1.0 0.5021387934684753 0.0
1.0 0.5085185170173645 0.0
1.0 0.5190300941467285 0.0
1.0 0.5334936380386353 0.0
1.0 0.5516616702079773 0.0
1.0 0.5732232928276062 0.0
1.0 0.5978096723556519 0.0
1.0 0.625 0.0
1.0 0.6543291211128235 0.0
1.0 0.6852952241897583 0.0
1.0 0.7173684239387512 0.0
1.0 0.75 0.0
1.0 0.7826315760612488 0.0
1.0 0.8147047758102417 0.0
1.0 0.8456708788871765 0.0
1.0 0.875 0.0
1.0 0.9021903276443481 0.0
1.0 0.9267767071723938 0.0
1.0 0.9483383297920227 0.0
1.0 0.9665063619613647 0.0
1.0 0.9809699058532715 0.0
1.0 0.9914814829826355 0.0
1.0 0.9978612065315247 0.0
1.0 1.0 0.0
1.0 1.0 0.0
0.9978612065315247 1.0 0.0
0.9914814829826355 1.0 0.0
0.9809699058532715 1.0 0.0
0.9665063619613647 1.0 0.0
0.9483383297920227 1.0 0.0
0.9267767071723938 1.0 0.0
0.9021903276443481 1.0 0.0
0.875 1.0 0.0
0.8456708788871765 1.0 0.0
0.8147047758102417 1.0 0.0
0.7826315760612488 1.0 0.0
0.75 1.0 0.0
0.7173684239387512 1.0 0.0
0.6852952241897583 1.0 0.0
0.6543291211128235 1.0 0.0
0.625 1.0 0.0
0.5978096723556519 1.0 0.0
0.5732232928276062 1.0 0.0
0.5516616702079773 1.0 0.0
0.5334936380386353 1.0 0.0
0.5190300941467285 1.0 0.0
0.5085185170173645 1.0 0.0
0.5021387934684753 1.0 0.0
0.5 1.0 0.0
0.5 1.0 0.0
0.49786120653152466 1.0 0.0
0.4914814531803131 1.0 0.0
0.4809698760509491 1.0 0.0
0.46650636196136475 1.0 0.0
0.4483383297920227 1.0 0.0
0.4267767071723938 1.0 0.0
0.40219035744667053 1.0 0.0
0.375 1.0 0.0
0.3456708490848541 1.0 0.0
0.3147047758102417 1.0 0.0
0.2826315462589264 1.0 0.0
0.25 1.0 0.0
0.2173684537410736 1.0 0.0
0.1852952390909195 1.0 0.0
0.15432913601398468 1.0 0.0
0.125 1.0 0.0
0.09780964255332947 1.0 0.0
0.0732233077287674 1.0 0.0
0.051661666482686996 1.0 0.0
0.03349364921450615 1.0 0.0
0.019030116498470306 1.0 0.0
0.008518543094396591 1.0 0.0
0.002138784620910883 1.0 0.0
0.0 1.0 0.0
0.0 1.0 0.0
0.0 1.0 0.002138784620910883
0.0 1.0 0.008518543094396591
0.0 1.0 0.019030116498470306
0.0 1.0 0.03349364921450615
0.0 1.0 0.051661666482686996
0.0 1.0 0.0732233077287674
0.0 1.0 0.09780964255332947
0.0 1.0 0.125
0.0 1.0 0.15432913601398468
0.0 1.0 0.1852952390909195
0.0 1.0 0.2173684537410736
0.0 1.0 0.25
0.0 1.0 0.2826315462589264
0.0 1.0 0.3147047758102417
0.0 1.0 0.3456708490848541
0.0 1.0 0.375
0.0 1.0 0.40219035744667053
0.0 1.0 0.4267767071723938
0.0 1.0 0.4483383297920227
0.0 1.0 0.46650636196136475
0.0 1.0 0.4809698760509491
0.0 1.0 0.4914814531803131
0.0 1.0 0.49786120653152466
0.0 1.0 0.5
0.0 1.0 0.5
0.0 1.0 0.5021387934684753
0.0 1.0 0.5085185170173645
0.0 1.0 0.5190300941467285
0.0 1.0 0.5334936380386353
0.0 1.0 0.5516616702079773
0.0 1.0 0.5732232928276062
0.0 1.0 0.5978096723556519
0.0 1.0 0.625
0.0 1.0 0.6543291211128235
0.0 1.0 0.6852952241897583
0.0 1.0 0.7173684239387512
0.0 1.0 0.75
0.0 1.0 0.7826315760612488
0.0 1.0 0.8147047758102417
0.0 1.0 0.8456708788871765
0.0 1.0 0.875
0.0 1.0 0.9021903276443481
0.0 1.0 0.9267767071723938
0.0 1.0 0.9483383297920227
0.0 1.0 0.9665063619613647
0.0 1.0 0.9809699058532715
0.0 1.0 0.9914814829826355
0.0 1.0 0.9978612065315247
0.0 1.0 1.0
0.0 1.0 1.0
0.0 0.9978612065315247 1.0
0.0 0.9914814829826355 1.0
0.0 0.9809699058532715 1.0
0.0 0.9665063619613647 1.0
0.0 0.9483383297920227 1.0
0.0 0.9267767071723938 1.0
0.0 0.9021903276443481 1.0
0.0 0.875 1.0
0.0 0.8456708788871765 1.0
0.0 0.8147047758102417 1.0
0.0 0.7826315760612488 1.0
0.0 0.75 1.0
0.0 0.7173684239387512 1.0
0.0 0.6852952241897583 1.0
0.0 0.6543291211128235 1.0
0.0 0.625 1.0
0.0 0.5978096723556519 1.0
0.0 0.5732232928276062 1.0
0.0 0.5516616702079773 1.0
0.0 0.5334936380386353 1.0
0.0 0.5190300941467285 1.0
0.0 0.5085185170173645 1.0
0.0 0.5021387934684753 1.0
0.0 0.5 1.0
0.0 0.5 1.0
0.0 0.49786120653152466 1.0
0.0 0.4914814531803131 1.0
0.0 0.4809698760509491 1.0
0.0 0.46650636196136475 1.0
0.0 0.4483383297920227 1.0
0.0 0.4267767071723938 1.0
0.0 0.40219035744667053 1.0
0.0 0.375 1.0
0.0 0.3456708490848541 1.0
0.0 0.3147047758102417 1.0
0.0 0.2826315462589264 1.0
0.0 0.25 1.0
0.0 0.2173684537410736 1.0
0.0 0.1852952390909195 1.0
0.0 0.15432913601398468 1.0
0.0 0.125 1.0
0.0 0.09780964255332947 1.0
0.0 0.0732233077287674 1.0
0.0 0.051661666482686996 1.0
0.0 0.03349364921450615 1.0
0.0 0.019030116498470306 1.0
0.0 0.008518543094396591 1.0
0.0 0.002138784620910883 1.0
0.0 0.0 1.0
0.0 0.0 1.0
0.002138784620910883 0.0 1.0
0.008518543094396591 0.0 1.0
0.019030116498470306 0.0 1.0
0.03349364921450615 0.0 1.0
0.051661666482686996 0.0 1.0
0.0732233077287674 0.0 1.0
0.09780964255332947 0.0 1.0
0.125 0.0 1.0
0.15432913601398468 0.0 1.0
0.1852952390909195 0.0 1.0
0.2173684537410736 0.0 1.0
0.25 0.0 1.0
0.2826315462589264 0.0 1.0
0.3147047758102417 0.0 1.0
0.3456708490848541 0.0 1.0
0.375 0.0 1.0
0.40219035744667053 0.0 1.0
0.4267767071723938 0.0 1.0
0.4483383297920227 0.0 1.0
0.46650636196136475 0.0 1.0
0.4809698760509491 0.0 1.0
0.4914814531803131 0.0 1.0
0.49786120653152466 0.0 1.0
0.5 0.0 1.0
0.5 0.0 1.0
0.5021387934684753 0.0 1.0
0.5085185170173645 0.0 1.0
0.5190300941467285 0.0 1.0
0.5334936380386353 0.0 1.0
0.5516616702079773 0.0 1.0
0.5732232928276062 0.0 1.0
0.5978096723556519 0.0 1.0
0.625 0.0 1.0
0.6543291211128235 0.0 1.0
0.6852952241897583 0.0 1.0
0.7173684239387512 0.0 1.0
0.75 0.0 1.0
0.7826315760612488 0.0 1.0
0.8147047758102417 0.0 1.0
0.8456708788871765 0.0 1.0
0.875 0.0 1.0
0.9021903276443481 0.0 1.0
0.9267767071723938 0.0 1.0
0.9483383297920227 0.0 1.0
0.9665063619613647 0.0 1.0
0.9809699058532715 0.0 1.0
0.9914814829826355 0.0 1.0
0.9978612065315247 0.0 1.0
1.0 0.0 1.0
1.0 0.0 1.0
1.0 0.0 0.9978612065315247
1.0 0.0 0.9914814829826355
1.0 0.0 0.9809699058532715
1.0 0.0 0.9665063619613647
1.0 0.0 0.9483383297920227
1.0 0.0 0.9267767071723938
1.0 0.0 0.9021903276443481
1.0 0.0 0.875
1.0 0.0 0.8456708788871765
1.0 0.0 0.8147047758102417
1.0 0.0 0.7826315760612488
1.0 0.0 0.75
1.0 0.0 0.7173684239387512
1.0 0.0 0.6852952241897583
1.0 0.0 0.6543291211128235
1.0 0.0 0.625
1.0 0.0 0.5978096723556519
1.0 0.0 0.5732232928276062
1.0 0.0 0.5516616702079773
1.0 0.0 0.5334936380386353
1.0 0.0 0.5190300941467285
1.0 0.0 0.5085185170173645
1.0 0.0 0.5021387934684753
1.0 0.0 0.5
1.0 0.0 0.5
1.0 0.0 0.49786120653152466
1.0 0.0 0.4914814531803131
1.0 0.0 0.4809698760509491
1.0 0.0 0.46650636196136475
1.0 0.0 0.4483383297920227
1.0 0.0 0.4267767071723938
1.0 0.0 0.40219035744667053
1.0 0.0 0.375
1.0 0.0 0.3456708490848541
1.0 0.0 0.3147047758102417
1.0 0.0 0.2826315462589264
1.0 0.0 0.25
1.0 0.0 0.2173684537410736
1.0 0.0 0.1852952390909195
1.0 0.0 0.15432913601398468
1.0 0.0 0.125
1.0 0.0 0.09780964255332947
1.0 0.0 0.0732233077287674
1.0 0.0 0.051661666482686996
1.0 0.0 0.03349364921450615
1.0 0.0 0.019030116498470306
1.0 0.0 0.008518543094396591
1.0 0.0 0.002138784620910883
1.0 0.0 0.0