0.10196078568696976 0.0 0.40784314274787903
0.10206150263547897 3.1020541791804135E-4 0.4081452786922455
0.1023632362484932 0.0012395469238981605 0.40905049443244934
0.10286474972963333 0.0027842058334499598 0.41055503487586975
0.10356397926807404 0.004937834572046995 0.41265273094177246
0.10445805639028549 0.007691583596169949 0.41533493995666504
0.10554330050945282 0.011034136638045311 0.4185906648635864
0.10681525617837906 0.014951759949326515 0.42240655422210693
0.10826869308948517 0.019428353756666183 0.42676687240600586
0.10989764332771301 0.02444552257657051 0.4316537082195282
0.11169540882110596 0.02998265065252781 0.4370470345020294
0.11365461349487305 0.03601698577404022 0.4429246187210083
0.11576718837022781 0.04252372682094574 0.4492623507976532
0.11802446842193604 0.04947614297270775 0.45603418350219727
0.12041717022657394 0.056845661252737045 0.4632122814655304
0.1229354590177536 0.06460199505090714 0.47076717019081116
0.12556900084018707 0.07271327823400497 0.4786677658557892
0.12830695509910583 0.08114618062973022 0.48688164353370667
0.13113807141780853 0.08986604958772659 0.49537500739097595
0.13405074179172516 0.09883704781532288 0.5041130185127258
0.13703297078609467 0.1080223098397255 0.513059675693512
0.1400725096464157 0.11738409847021103 0.5221782922744751
0.14315687119960785 0.12688393890857697 0.5314313769340515
0.1462733894586563 0.13648280501365662 0.5407809615135193
0.1494092345237732 0.14614123106002808 0.5501884818077087
0.1525515466928482 0.15581956505775452 0.559615433216095
0.15568740665912628 0.16547799110412598 0.5690230131149292
0.15880392491817474 0.17507685720920563 0.5783725380897522
0.16188828647136688 0.18457669019699097 0.5876256227493286
0.16492782533168793 0.1939384937286377 0.5967442393302917
0.16791005432605743 0.20312374830245972 0.6056909561157227
0.17082270979881287 0.2120947539806366 0.6144289374351501
0.17365384101867676 0.22081461548805237 0.6229223012924194
0.17639179527759552 0.22924751043319702 0.6311361789703369
0.1790253221988678 0.23735879361629486 0.6390367746353149
0.18154361844062805 0.24511513113975525 0.6465916633605957
0.18393632769584656 0.25248464941978455 0.6537697315216064
0.18619360029697418 0.25943705439567566 0.6605415940284729
0.18830618262290955 0.26594382524490356 0.6668792963027954
0.19026537239551544 0.27197813987731934 0.6727569103240967
0.1920631378889084 0.2775152623653412 0.6781502366065979
0.19369210302829742 0.2825324535369873 0.6830371022224426
0.19514553248882294 0.28700903058052063 0.6873974204063416
0.19641749560832977 0.29092666506767273 0.6912132501602173
0.1975027322769165 0.2942692041397095 0.6944689750671387
0.19839681684970856 0.2970229685306549 0.697151243686676
0.19909603893756866 0.2991766035556793 0.6992489099502563
0.1995975524187088 0.30072125792503357 0.7007534503936768
0.19989928603172302 0.3016505837440491 0.7016586661338806
0.20000000298023224 0.3019607961177826 0.7019608020782471
0.20000000298023224 0.3019607961177826 0.7019608020782471
0.20031021535396576 0.3022669851779938 0.7022669911384583
0.20123955607414246 0.30318424105644226 0.7031842470169067
0.2027842104434967 0.3047088384628296 0.7047088742256165
0.20493783056735992 0.30683448910713196 0.7068344950675964
0.20769158005714417 0.30955249071121216 0.7095524668693542
0.2110341340303421 0.3128516376018524 0.7128516435623169
0.2149517685174942 0.31671836972236633 0.7167183756828308
0.21942836046218872 0.32113683223724365 0.7211368083953857
0.22444552183151245 0.3260888457298279 0.72608882188797
0.2299826592206955 0.3315540552139282 0.7315540909767151
0.23601698875427246 0.33751001954078674 0.7375100255012512
0.24252372980117798 0.34393227100372314 0.7439322471618652
0.24947614967823029 0.35079440474510193 0.7507944107055664
0.2568456530570984 0.35806819796562195 0.7580682039260864
0.26460200548171997 0.3657238185405731 0.7657238245010376
0.2727132737636566 0.37372973561286926 0.7737297415733337
0.28114619851112366 0.3820531368255615 0.7820531129837036
0.28986606001853943 0.39065974950790405 0.7906597256660461
0.2988370656967163 0.39951422810554504 0.7995142340660095
0.30802232027053833 0.4085802137851715 0.808580219745636
0.31738409399986267 0.41782042384147644 0.8178204298019409
0.3268839418888092 0.4271968901157379 0.8271968960762024
0.33648282289505005 0.43667110800743103 0.8366711139678955
0.3461412489414215 0.4462040960788727 0.8462041020393372
0.35581958293914795 0.4557567238807678 0.8557567000389099
0.3654780089855194 0.4652897119522095 0.8652896881103516
0.37507686018943787 0.4747639298439026 0.8747639060020447
0.3845767080783844 0.48414039611816406 0.8841403722763062
0.39393851161003113 0.493380606174469 0.8933805823326111
0.40312376618385315 0.5024465918540955 0.9024465680122375
0.41209477186203003 0.5113010406494141 0.9113010764122009
0.4208146333694458 0.5199077129364014 0.9199076890945435
0.42924752831459045 0.5282310843467712 0.9282310605049133
0.4373588263988495 0.5362370014190674 0.9362369775772095
0.4451151490211487 0.5438926219940186 0.9438925981521606
0.452484667301178 0.5511664152145386 0.9511663913726807
0.4594370722770691 0.5580285787582397 0.9580285549163818
0.4659438133239746 0.5644508004188538 0.9644507765769958
0.47197815775871277 0.5704067349433899 0.970406711101532
0.4775152802467346 0.575872004032135 0.9758719801902771
0.48253247141838074 0.5808239579200745 0.9808239936828613
0.48700904846191406 0.5852424502372742 0.9852424263954163
0.49092668294906616 0.5891091823577881 0.9891091585159302
0.4942692220211029 0.5924083590507507 0.9924083352088928
0.49702298641204834 0.5951263308525085 0.9951263070106506
0.49917662143707275 0.5972519516944885 0.9972519278526306
0.500721275806427 0.5987765789031982 0.9987765550613403
0.5016506314277649 0.5996938347816467 0.9996938109397888
0.501960813999176 0.6000000238418579 1.0
0.501960813999176 0.6000000238418579 1.0
0.501960813999176 0.6000000238418579 1.0
0.5032356977462769 0.6012916564941406 1.0
0.5070385336875916 0.6051445603370667 1.0
0.5133042335510254 0.6114926934242249 1.0
0.5219256281852722 0.620227575302124 1.0
0.5327551960945129 0.6311995983123779 1.0
0.5456076264381409 0.6442211270332336 1.0
0.5602630376815796 0.6590693593025208 1.0
0.5764706134796143 0.6754902005195618 1.0
0.5939530730247498 0.6932027339935303 1.0
0.6124113202095032 0.7119038105010986 1.0
0.6315294504165649 0.7312735319137573 1.0
0.6509804129600525 0.7509803771972656 1.0
0.67043137550354 0.7706872820854187 1.0
0.6895495057106018 0.7900570034980774 1.0
0.7080077528953552 0.8087580800056458 1.0
0.7254902124404907 0.8264706134796143 1.0
0.7416977882385254 0.8428914546966553 1.0
0.7563531994819641 0.8577396869659424 1.0
0.769205629825592 0.8707612156867981 1.0
0.7800351977348328 0.881733238697052 1.0
0.7886565923690796 0.8904681205749512 1.0
0.7949222922325134 0.8968162536621094 1.0
0.7987251281738281 0.9006691575050354 1.0
0.800000011920929 0.9019607901573181 1.0