0.10196078568696976 0.0 0.40784314274787903
0.10201422870159149 5.9513928135856986E-5 0.4078664779663086
0.10207715630531311 1.295825932174921E-4 0.40789395570755005
0.10215123742818832 2.120778663083911E-4 0.4079263210296631
0.10223846137523651 3.0920360586605966E-4 0.40796440839767456
0.10234115272760391 4.235544765833765E-4 0.40800923109054565
0.10246206074953079 5.581853911280632E-4 0.40806204080581665
0.10260440409183502 7.16692884452641E-4 0.4081242084503174
0.10277199745178223 9.033115929923952E-4 0.4081973731517792
0.10296931117773056 0.0011230269446969032 0.408283531665802
0.10320161283016205 0.0013817086583003402 0.4083849787712097
0.10347511619329453 0.0016862672055140138 0.4085044264793396
0.10379713028669357 0.0020448388531804085 0.40864503383636475
0.10417625308036804 0.0024670029524713755 0.4088105857372284
0.10462260991334915 0.0029640374705195427 0.4090055227279663
0.10514812171459198 0.0035492205061018467 0.40923500061035156
0.10576684027910233 0.004238185007125139 0.4095051884651184
0.10649529099464417 0.005049337167292833 0.4098232686519623
0.10735292732715607 0.00600434560328722 0.41019779443740845
0.10836265981197357 0.007128724362701178 0.4106387197971344
0.10955147445201874 0.008452510461211205 0.41115784645080566
0.11095111817121506 0.010011068545281887 0.4117690622806549
0.11259899288415909 0.011846035718917847 0.4124886393547058
0.11453910917043686 0.014006432145833969 0.4133358597755432
0.11682330816984177 0.01654997281730175 0.414333313703537
0.11951261013746262 0.019544608891010284 0.4155077040195465
0.12267885357141495 0.023070339113473892 0.41689032316207886
0.12640662491321564 0.027221355587244034 0.41851818561553955
0.13079552352428436 0.032108549028635025 0.42043474316596985
0.13596278429031372 0.03786248341202736 0.4226911664009094
0.14204645156860352 0.04463687166571617 0.42534780502319336
0.14920903742313385 0.05261268839240074 0.428475558757782
0.1576419174671173 0.062003012746572495 0.43215805292129517
0.16757036745548248 0.07305869460105896 0.4364936053752899
0.17925959825515747 0.08607509732246399 0.4415980875492096
0.19302190840244293 0.10139994323253632 0.4476078152656555
0.20922495424747467 0.1194426417350769 0.454683393239975
0.22830159962177277 0.14068518579006195 0.46301379799842834
0.2507614493370056 0.16569507122039795 0.47282159328460693
0.27720457315444946 0.19514045119285583 0.48436880111694336
0.30833733081817627 0.22980792820453644 0.49796390533447266
0.34499144554138184 0.27062365412712097 0.5139700770378113
0.38814613223075867 0.31867799162864685 0.5328149199485779
0.43895426392555237 0.37525475025177 0.5550018548965454
0.49877315759658813 0.44186529517173767 0.5811236500740051
0.569200873374939 0.5202891826629639 0.6118780970573425
0.6521189212799072 0.6126214861869812 0.6480868458747864
0.749742329120636 0.7213287949562073 0.6907171607017517
0.864679217338562 0.8493152856826782 0.7409079670906067
1.0 1.0 0.800000011920929