0.25573769211769104 0.0 0.0
0.25606104731559753 0.0 0.0
0.2570297420024872 0.0 0.0
0.2586398720741272 0.0 0.0
0.26088473200798035 0.0 0.0
0.2637551426887512 0.0 0.0
0.2672393023967743 0.0 0.0
0.27132290601730347 0.0 0.0
0.2759891748428345 0.0 0.0
0.28121891617774963 0.0 0.0
0.2869906425476074 0.0 0.0
0.29328063130378723 0.0 0.0
0.30006304383277893 0.0 0.0
0.30731001496315 0.0 0.0
0.3149917423725128 0.0 0.0
0.32307669520378113 0.0 0.0
0.3315316438674927 0.0 0.0
0.3403218388557434 0.0 0.0
0.34941112995147705 0.0 0.0
0.3587622046470642 0.0 0.0
0.36833661794662476 0.0 0.0
0.3780950605869293 0.0 0.0
0.3879973888397217 0.0 0.0
0.3980029225349426 0.0 0.0
0.40807056427001953 0.0 0.0
0.4181589186191559 0.0 0.0
0.4282265603542328 0.0 0.0
0.43823209404945374 0.0 0.0
0.4481344223022461 0.0 0.0
0.45789286494255066 0.0 0.0
0.4674672782421112 0.0 0.0
0.47681835293769836 0.0 0.0
0.485907644033432 0.0 0.0
0.49469783902168274 0.0 0.0
0.5031527876853943 0.0 0.0
0.5112377405166626 0.0 0.0
0.5189194679260254 0.0 0.0
0.5261664390563965 0.0 0.0
0.5329488515853882 0.0 0.0
0.5392388701438904 0.0 0.0
0.5450105667114258 0.0 0.0
0.5502403378486633 0.0 0.0
0.5549065470695496 0.0 0.0
0.5589901804924011 0.0 0.0
0.5624743103981018 0.0 0.0
0.5653447508811951 0.0 0.0
0.5675896406173706 0.0 0.0
0.5691997408866882 0.0 0.0
0.5701684355735779 0.0 0.0
0.5704917907714844 0.0 0.0
0.5686274766921997 0.0 0.0
0.5688786506652832 2.87567701889202E-4 1.3693700566363987E-5
0.5696310997009277 0.0011490891920402646 5.471853000926785E-5
0.570881724357605 0.0025810240767896175 1.2290591257624328E-4
0.572625458240509 0.004577488638460636 2.1797565568704158E-4
0.5748550891876221 0.007130278740078211 3.3953707315959036E-4
0.5775614380836487 0.010228903964161873 4.8709067050367594E-4
0.5807334184646606 0.013860632665455341 6.600301130674779E-4
0.5843579173088074 0.018010539934039116 8.576447726227343E-4
0.5884201526641846 0.022661574184894562 0.0010791225358843803
0.5929033756256104 0.027794621884822845 0.0013235533842816949
0.5977891683578491 0.033388588577508926 0.0015899328282102942
0.6030575037002563 0.03942049294710159 0.0018771663308143616
0.608686625957489 0.04586554691195488 0.0021840736735612154
0.614653468132019 0.052697259932756424 0.002509393496438861
0.620933473110199 0.05988756939768791 0.0028517888858914375
0.6275009512901306 0.06740692257881165 0.0032098533120006323
0.6343287825584412 0.07522441446781158 0.003582115052267909
0.6413889527320862 0.08330793678760529 0.003967044409364462
0.6486524343490601 0.09162425994873047 0.004363059997558594
0.6560894250869751 0.10013921558856964 0.00476853409782052
0.6636693477630615 0.10881781578063965 0.005181800574064255
0.6713610291481018 0.11762439459562302 0.005601161625236273
0.6791329383850098 0.12652276456356049 0.006024893373250961
0.6869530081748962 0.13547636568546295 0.006451255176216364
0.6947892308235168 0.144448384642601 0.006878494750708342
0.7026093006134033 0.15340198576450348 0.007304856553673744
0.7103812098503113 0.16230034828186035 0.007728588301688433
0.7180728912353516 0.17110693454742432 0.00814794935286045
0.725652813911438 0.17978553473949432 0.008561215363442898
0.733089804649353 0.1883004903793335 0.008966689929366112
0.7403532862663269 0.19661681354045868 0.009362705051898956
0.7474134564399719 0.20470033586025238 0.009747634641826153
0.7542412877082825 0.21251782774925232 0.01011989638209343
0.7608087658882141 0.22003717720508575 0.010477961041033268
0.767088770866394 0.22722749412059784 0.010820356197655201
0.7730556130409241 0.2340591996908188 0.011145676486194134
0.7786847352981567 0.24050424993038177 0.011452583596110344
0.783953070640564 0.24653616547584534 0.011739817447960377
0.7888388633728027 0.2521301209926605 0.012006196193397045
0.7933220863342285 0.25726318359375 0.012250627391040325
0.7973843216896057 0.2619142234325409 0.012472105212509632
0.8010088205337524 0.2660641074180603 0.012669719755649567
0.8041808009147644 0.26969584822654724 0.012842658907175064
0.806887149810791 0.2727944850921631 0.012990212999284267
0.809116780757904 0.2753472626209259 0.013111773878335953
0.8108605146408081 0.2773437201976776 0.013206844218075275
0.8121111392974854 0.2787756621837616 0.013275031000375748
0.8128635883331299 0.2796371877193451 0.013316056691110134
0.8131147623062134 0.27992475032806396 0.013329749926924706
0.8117647171020508 0.27843138575553894 0.0117647061124444
0.8118974566459656 0.2786286771297455 0.011752620339393616
0.812295138835907 0.2792198061943054 0.011716412380337715
0.8129561543464661 0.2802022695541382 0.011656230315566063
0.8138777613639832 0.2815720736980438 0.011572322808206081
0.8150562047958374 0.28332358598709106 0.011465034447610378
0.8164865970611572 0.2854495942592621 0.011334804818034172
0.8181630373001099 0.2879413664340973 0.011182170361280441
0.8200787305831909 0.2907886803150177 0.011007756926119328
0.8222257494926453 0.29397982358932495 0.010812283493578434
0.8245952725410461 0.29750168323516846 0.01059655100107193
0.8271775841712952 0.3013397753238678 0.010361446999013424
0.8299620151519775 0.30547836422920227 0.010107937268912792
0.8329371809959412 0.3099004030227661 0.00983706396073103
0.8360908031463623 0.3145877420902252 0.009549940004944801
0.8394100069999695 0.31952109932899475 0.009247745387256145
0.8428810834884644 0.32468023896217346 0.008931721560657024
0.8464897871017456 0.3300439417362213 0.008603166788816452
0.8502213358879089 0.3355901539325714 0.00826343148946762
0.8540602922439575 0.34129610657691956 0.007913912646472454
0.8579909801483154 0.34713834524154663 0.007556044962257147
0.8619971871376038 0.35309284925460815 0.007191299926489592
0.8660625219345093 0.3591351807117462 0.006821176037192345
0.8701701760292053 0.3652404844760895 0.00644719460979104
0.8743033409118652 0.3713836669921875 0.006070891860872507
0.8784449696540833 0.3775395154953003 0.005693814251571894
0.8825781345367432 0.3836826980113983 0.00531751150265336
0.8866857886314392 0.3897880017757416 0.004943530075252056
0.8907511234283447 0.39583033323287964 0.004573406185954809
0.8947573304176331 0.40178483724594116 0.004208661150187254
0.898688018321991 0.40762707591056824 0.003850793931633234
0.9025269746780396 0.4133330285549164 0.00350127462297678
0.9062585234642029 0.4188792407512665 0.0031615395564585924
0.9098672270774841 0.42424294352531433 0.0028329850174486637
0.913338303565979 0.42940208315849304 0.002516960958018899
0.9166575074195862 0.4343354403972626 0.002214765874668956
0.9198111295700073 0.4390227794647217 0.0019276418024674058
0.922786295413971 0.4434448182582855 0.001656768610700965
0.9255707263946533 0.44758340716362 0.0014032591134309769
0.9281530380249023 0.45142149925231934 0.0011681552277877927
0.9305225610733032 0.45494335889816284 9.524229099042714E-4
0.9326695799827576 0.4581345021724701 7.569488370791078E-4
0.9345852732658386 0.4609818160533905 5.82536100409925E-4
0.9362617135047913 0.4634735882282257 4.29901439929381E-4
0.9376921057701111 0.46559959650039673 2.996720722876489E-4
0.9388705492019653 0.46735110878944397 1.923831587191671E-4
0.9397921562194824 0.4687209129333496 1.0847554949577898E-4
0.9404531717300415 0.4697033762931824 4.8294037696905434E-5
0.9408508539199829 0.4702945053577423 1.208592493640026E-5
0.9409835934638977 0.47049179673194885 0.0
0.9411764740943909 0.47058823704719543 0.0
0.9412099719047546 0.4710163474082947 2.2631049796473235E-4
0.9413102865219116 0.47229886054992676 9.043120080605149E-4
0.9414770007133484 0.47443056106567383 0.0020312184933573008
0.9417094588279724 0.4774026572704315 0.003602399257943034
0.9420067071914673 0.4812029302120209 0.0056113977916538715
0.9423674941062927 0.48581579327583313 0.008049959316849709
0.9427903890609741 0.4912222623825073 0.010908062569797039
0.9432736039161682 0.4974001348018646 0.014173963107168674
0.9438151717185974 0.5043240189552307 0.017834240570664406
0.9444128274917603 0.5119655132293701 0.021873854100704193
0.9450641870498657 0.520293116569519 0.026276204735040665
0.9457665085792542 0.5292726755142212 0.03102320246398449
0.9465169906616211 0.5388672947883606 0.03609533980488777
0.9473124742507935 0.549037516117096 0.041471775621175766
0.9481496810913086 0.5597415566444397 0.047130413353443146
0.9490252137184143 0.5709354877471924 0.05304800346493721
0.9499354958534241 0.5825731754302979 0.0592002309858799
0.9508767127990723 0.5946069359779358 0.06556180864572525
0.9518450498580933 0.6069872975349426 0.07210660725831985
0.9528365135192871 0.6196632981300354 0.07880771905183792
0.9538470506668091 0.63258296251297 0.08563761413097382
0.9548724889755249 0.6456931233406067 0.09256823360919952
0.9559085965156555 0.6589399576187134 0.09957108646631241
0.9569511413574219 0.6722689867019653 0.10661739856004715
0.9579958319664001 0.685625433921814 0.1136782243847847
0.9590383768081665 0.6989544630050659 0.12072453647851944
0.9600744843482971 0.7122012376785278 0.12772738933563232
0.9610999226570129 0.7253113985061646 0.13465800881385803
0.9621104598045349 0.7382310628890991 0.14148789644241333
0.9631019234657288 0.7509071230888367 0.1481890231370926
0.9640702605247498 0.7632874250411987 0.154733806848526
0.965011477470398 0.7753211855888367 0.16109539568424225
0.9659217596054077 0.7869589328765869 0.16724762320518494
0.9667972922325134 0.7981528043746948 0.1731652021408081
0.9676344990730286 0.8088569045066833 0.17882384359836578
0.9684299826622009 0.8190271258354187 0.18420028686523438
0.9691804647445679 0.8286217451095581 0.1892724186182022
0.9698827862739563 0.8376013040542603 0.19401942193508148
0.9705341458320618 0.8459289073944092 0.19842176139354706
0.9711318016052246 0.8535703420639038 0.202461376786232
0.9716733694076538 0.8604942560195923 0.20612165331840515
0.9721565842628479 0.866672158241272 0.20938755571842194
0.9725794792175293 0.8720785975456238 0.2122456580400467
0.9729402661323547 0.876691460609436 0.21468421816825867
0.9732375144958496 0.8804917335510254 0.2166932225227356
0.9734699726104736 0.8834638595581055 0.2182644009590149
0.9736366868019104 0.8855955004692078 0.21939131617546082
0.9737370014190674 0.8868780732154846 0.22006931900978088
0.9737704992294312 0.8873061537742615 0.22029562294483185
0.9725490212440491 0.886274516582489 0.20000000298023224
0.9725266695022583 0.88592129945755 0.19979454576969147
0.9724597930908203 0.8848630785942078 0.199179008603096
0.972348690032959 0.883104145526886 0.19815592467784882
0.972193717956543 0.8806518316268921 0.19672949612140656
0.9719955325126648 0.8775162100791931 0.1949055790901184
0.9717549681663513 0.873710036277771 0.19269168376922607
0.9714730978012085 0.8692491054534912 0.1900968849658966
0.9711509346961975 0.864151656627655 0.187131866812706
0.970789909362793 0.8584386706352234 0.1838088184595108
0.9703914523124695 0.852133572101593 0.1801413595676422
0.9699572324752808 0.845262348651886 0.17614459991455078
0.9694889783859253 0.837853193283081 0.17183493077754974
0.9689886569976807 0.8299365043640137 0.16723008453845978
0.968458354473114 0.8215449452400208 0.16234898567199707
0.9679002165794373 0.8127128481864929 0.15721166133880615
0.9673165082931519 0.8034766316413879 0.1518392562866211
0.9667096734046936 0.793874204158783 0.1462538242340088
0.9660822153091431 0.7839449644088745 0.14047834277153015
0.9654366374015808 0.7737298011779785 0.1345365047454834
0.9647756218910217 0.7632706165313721 0.12845276296138763
0.9641019701957703 0.752610445022583 0.12225209176540375
0.9634183645248413 0.7417930364608765 0.11595999449491501
0.9627276062965393 0.7308629155158997 0.10960230231285095
0.9620325565338135 0.7198649644851685 0.10320515930652618
0.9613361358642578 0.7088443636894226 0.09679484367370605
0.960641086101532 0.6978464126586914 0.09039770066738129
0.95995032787323 0.6869162917137146 0.08404000848531723
0.959266722202301 0.6760988831520081 0.07774791121482849
0.9585930705070496 0.665438711643219 0.0715472400188446
0.9579320549964905 0.6549795269966125 0.06546349823474884
0.9572864770889282 0.6447643637657166 0.059521667659282684
0.9566590189933777 0.6348351240158081 0.05374617129564285
0.9560521841049194 0.6252326965332031 0.04816074296832085
0.955468475818634 0.6159964799880981 0.04278833419084549
0.9549103379249573 0.6071643829345703 0.03765102103352547
0.9543800354003906 0.5987728238105774 0.032769910991191864
0.953879714012146 0.59085613489151 0.028165064752101898
0.9534114599227905 0.5834469795227051 0.023855404928326607
0.9529772400856018 0.576575756072998 0.01985863782465458
0.9525787830352783 0.5702706575393677 0.016191190108656883
0.9522177577018738 0.564557671546936 0.012868129648268223
0.9518955945968628 0.5594602227210999 0.00990311335772276
0.95161372423172 0.5549992918968201 0.007308324333280325
0.9513731598854065 0.551193118095398 0.0050944252870976925
0.9511749744415283 0.548057496547699 0.003270513843744993
0.9510200023651123 0.5456051826477051 0.0018440843559801579
0.950908899307251 0.5438462495803833 8.209986262954772E-4
0.950842022895813 0.542788028717041 2.0546073210425675E-4
0.9508196711540222 0.542434811592102 0.0
0.9490196108818054 0.5411764979362488 0.0
0.9489776492118835 0.5408796668052673 2.7530963052413426E-5
0.9488520622253418 0.539990246295929 1.1001072562066838E-4
0.9486432075500488 0.5385120511054993 2.4710033903829753E-4
0.948352038860321 0.5364511013031006 4.3823651503771544E-4
0.947979748249054 0.5338158011436462 6.826337776146829E-4
0.9475278854370117 0.5306170582771301 9.792878990992904E-4
0.9469982385635376 0.5268679261207581 0.001326979836449027
0.9463930130004883 0.5225839614868164 0.001724280882626772
0.9457147717475891 0.5177826285362244 0.002169558312743902
0.944966197013855 0.5124836564064026 0.0026609827764332294
0.9441503882408142 0.5067089200019836 0.0031965342350304127
0.943270742893219 0.5004820823669434 0.0037740126717835665
0.9423307776451111 0.49382877349853516 0.004391044843941927
0.9413344860076904 0.48677629232406616 0.00504509499296546
0.9402859210968018 0.4793536365032196 0.0057334755547344685
0.9391893148422241 0.4715912938117981 0.006453358102589846
0.9380492568016052 0.46352115273475647 0.007201784290373325
0.9368703961372375 0.4551764130592346 0.007975678890943527
0.9356575608253479 0.4465913474559784 0.008771861903369427
0.9344158172607422 0.43780121207237244 0.009587060660123825
0.9331501722335815 0.428842157125473 0.01041792705655098
0.9318658709526062 0.41975101828575134 0.0112610450014472
0.9305681586265564 0.4105650782585144 0.012112950906157494
0.9292623996734619 0.4013221561908722 0.012970143929123878
0.9279539585113525 0.39206016063690186 0.013829102739691734
0.9266481995582581 0.38281723856925964 0.01468629576265812
0.9253504872322083 0.3736312985420227 0.015538201667368412
0.9240661859512329 0.364540159702301 0.016381319612264633
0.9228005409240723 0.3555811047554016 0.017212186008691788
0.9215587973594666 0.34679096937179565 0.01802738569676876
0.9203459620475769 0.33820590376853943 0.018823567777872086
0.9191671013832092 0.3298611640930176 0.019597461447119713
0.9180270433425903 0.32179102301597595 0.020345889031887054
0.9169304370880127 0.31402868032455444 0.02106577157974243
0.915881872177124 0.3066060245037079 0.021754151210188866
0.9148855805397034 0.2995535433292389 0.022408202290534973
0.9139456152915955 0.2929002046585083 0.023025233298540115
0.9130659699440002 0.286673367023468 0.023602712899446487
0.9122501611709595 0.2808986306190491 0.02413826435804367
0.9115015864372253 0.27559971809387207 0.024629687890410423
0.9108233451843262 0.27079838514328003 0.025074966251850128
0.9102181196212769 0.2665143609046936 0.025472266599535942
0.9096884727478027 0.2627652883529663 0.025819959118962288
0.9092366099357605 0.2595665156841278 0.026116613298654556
0.9088643193244934 0.25693124532699585 0.02636101096868515
0.9085731506347656 0.2548702359199524 0.026552146300673485
0.9083642959594727 0.2533920407295227 0.026689235121011734
0.9082387089729309 0.2525026798248291 0.02677171491086483
0.908196747303009 0.25220581889152527 0.026799246668815613
0.9098039269447327 0.250980406999588 0.027450980618596077
0.909802258014679 0.2507500946521759 0.027574997395277023
0.9097973108291626 0.25006014108657837 0.027946539223194122
0.9097890853881836 0.24891336262226105 0.028564078733325005
0.9097776412963867 0.2473144680261612 0.029425079002976418
0.909762978553772 0.2452700287103653 0.03052600286900997
0.9097452163696289 0.24278846383094788 0.031862322241067886
0.9097243547439575 0.23987995088100433 0.03342854976654053
0.9097005128860474 0.23655644059181213 0.0352182500064373
0.909673810005188 0.23283161222934723 0.03722406551241875
0.909644365310669 0.2287207394838333 0.039437755942344666
0.909612238407135 0.2242407500743866 0.04185022786259651
0.9095776081085205 0.2194100171327591 0.04445156082510948
0.909540593624115 0.2142484188079834 0.04723107069730759
0.9095013737678528 0.20877715945243835 0.050177332013845444
0.9094600677490234 0.20301871001720428 0.05327824130654335
0.909416913986206 0.1969967484474182 0.05652105435729027
0.9093720316886902 0.19073601067066193 0.0598924495279789
0.9093255996704102 0.1842622309923172 0.06337856501340866
0.9092778563499451 0.17760199308395386 0.06696508824825287
0.9092289805412292 0.1707826852798462 0.07063727080821991
0.909179151058197 0.16383232176303864 0.07438001781702042
0.9091286063194275 0.1567794680595398 0.07817796617746353
0.909077525138855 0.1496531069278717 0.0820154994726181
0.9090260863304138 0.14248250424861908 0.08587685227394104
0.9089745879173279 0.13529714941978455 0.0897461473941803
0.9089231491088867 0.12812654674053192 0.09360750019550323
0.9088720679283142 0.12100018560886383 0.0974450334906578
0.9088215231895447 0.1139473244547844 0.10124298185110092
0.9087716937065125 0.10699696093797684 0.10498573631048203
0.9087228178977966 0.10017766058444977 0.10865791141986847
0.9086750745773315 0.09351743012666702 0.11224443465471268
0.9086286425590515 0.0870436429977417 0.11573055386543274
0.9085837602615356 0.08078290522098541 0.11910194903612137
0.9085406064987183 0.07476093620061874 0.12234476208686829
0.9084993004798889 0.06900249421596527 0.1254456639289856
0.9084600806236267 0.06353122740983963 0.12839193642139435
0.9084230661392212 0.05836963281035423 0.13117143511772156
0.9083884358406067 0.05353890731930733 0.13377277553081512
0.9083563089370728 0.049058910459280014 0.13618524372577667
0.9083268642425537 0.044948045164346695 0.1383989304304123
0.9083001613616943 0.04122320935130119 0.14040474593639374
0.9082763195037842 0.03789970278739929 0.1421944499015808
0.9082554578781128 0.03499118983745575 0.14376068115234375
0.9082376956939697 0.03250961750745773 0.14509700238704681
0.908223032951355 0.030465183779597282 0.14619791507720947
0.9082115888595581 0.028866291046142578 0.14705891907215118
0.9082033634185791 0.027719508856534958 0.1476764678955078
0.9081984162330627 0.027029549703001976 0.14804799854755402
0.908196747303009 0.026799246668815613 0.1481720209121704
0.9098039269447327 0.027450980618596077 0.16470588743686676
0.9098123908042908 0.027660874649882317 0.16523244976997375
0.9098377227783203 0.028289690613746643 0.16680999100208282
0.9098798036575317 0.02933484874665737 0.16943201422691345
0.9099385142326355 0.030792050063610077 0.1730877310037613
0.9100135564804077 0.03265530988574028 0.17776216566562653
0.9101046323776245 0.03491697087883949 0.1834360659122467
0.9102113842964172 0.03756773844361305 0.19008612632751465
0.9103333950042725 0.040596719831228256 0.19768503308296204
0.9104701280593872 0.04399146884679794 0.20620155334472656
0.9106209874153137 0.04773803800344467 0.21560068428516388
0.910785436630249 0.0518210269510746 0.22584381699562073
0.9109627604484558 0.056223660707473755 0.2368888556957245
0.9111522436141968 0.060927849262952805 0.2486903965473175
0.9113530516624451 0.06591425836086273 0.2611999809741974
0.9115644097328186 0.0711624026298523 0.274366170167923
0.9117854833602905 0.0766507163643837 0.2881348729133606
0.9120152592658997 0.08235663920640945 0.302449494600296
0.9122529029846191 0.08825673162937164 0.3172512650489807
0.912497341632843 0.09432674199342728 0.3324792981147766
0.9127476811408997 0.10054174065589905 0.34807106852531433
0.9130027890205383 0.10687617212533951 0.36396247148513794
0.9132617115974426 0.1133040189743042 0.380088210105896
0.913523256778717 0.11979886144399643 0.39638203382492065
0.9137864708900452 0.12633401155471802 0.41277697682380676
0.9140502214431763 0.13288262486457825 0.42920568585395813
0.9143134355545044 0.13941778242588043 0.44560062885284424
0.9145749807357788 0.14591261744499207 0.4618944823741913
0.9148339033126831 0.15234047174453735 0.47802022099494934
0.9150890111923218 0.15867489576339722 0.49391162395477295
0.9153393507003784 0.1648898869752884 0.5095033645629883
0.9155837893486023 0.17095990478992462 0.5247313976287842
0.9158214330673218 0.1768600046634674 0.5395331978797913
0.9160512089729309 0.18256592750549316 0.5538477897644043
0.9162722826004028 0.18805423378944397 0.5676165223121643
0.9164836406707764 0.19330237805843353 0.5807827115058899
0.9166844487190247 0.19828878343105316 0.5932922959327698
0.9168739318847656 0.2029929757118225 0.6050938367843628
0.9170512557029724 0.20739561319351196 0.6161388754844666
0.9172157049179077 0.2114786058664322 0.6263819932937622
0.9173665642738342 0.21522517502307892 0.6357811093330383
0.917503297328949 0.2186199128627777 0.6442976593971252
0.9176253080368042 0.2216489017009735 0.6518965363502502
0.9177320599555969 0.22429966926574707 0.6585466265678406
0.9178231358528137 0.22656132280826569 0.6642205119132996
0.9178981781005859 0.22842459380626678 0.6688949465751648
0.9179568886756897 0.22988179326057434 0.6725506782531738
0.9179989695549011 0.23092694580554962 0.6751726865768433
0.9180243015289307 0.2315557599067688 0.6767502427101135
0.9180327653884888 0.23176565766334534 0.6772767901420593
