0.0 0.0 0.0 
0.3852458894252777 0.023683149367570877 0.023683149367570877 
50
Sine
0.3852458894252777 0.023683149367570877 0.023683149367570877 
0.5327869057655334 0.1310131698846817 0.1310131698846817 
50
Sine
0.5327869057655334 0.1310131698846817 0.1310131698846817 
0.8934426307678223 0.46484947204589844 0.12449610233306885 
20
Sine
0.8934426307678223 0.46484947204589844 0.12449610233306885 
1.0 0.7827532887458801 0.08606557548046112 
20
Sine
1.0 0.7827532887458801 0.08606557548046112 
0.8934426307678223 0.46484947204589844 0.12449610233306885 
20
Sine
0.8934426307678223 0.46484947204589844 0.12449610233306885 
0.6803278923034668 0.1800464540719986 0.12547031044960022 
20
Sine
0.6803278923034668 0.1800464540719986 0.12547031044960022 
0.6147540807723999 0.0831429734826088 0.14850500226020813 
50
Sine
0.6147540807723999 0.0831429734826088 0.14850500226020813 
0.8565573692321777 0.12988780438899994 0.43365949392318726 
20
Sine
